conversion:
    scale: 0.4968
    shift: -7.1060
security_levels: [0.0020000000, 0.0006000000, 0.0000300000, 0.0000100000, 0.0000040000]

