conversion:
    scale: 0.3005
    shift: -3.9783
security_levels: [0.0030000000, 0.0020000000, 0.0005000000, 0.0000500000, 0.0000010000]

